-1 3 0.00508788585439 0.0059247810407 -0.11273201316 0.0019689182174 0.00257783830481 4
-1 4 -0.00439741524561 0.00895852534562 -0.111348740945 -0.00913694563612 -0.0029867846435 4
-1 5 -0.00797850004199 0.0174444444444 0.410196940104 -0.0266514524933 -0.0143151084638 4
0 1 -0.019153772266 0.0169711810134 0.050368051933 -0.0117605245419 -0.0122384628821 4
1 2 -0.00272736808979 0.0141032464077 -0.188455047473 0.00808171184467 0.00486841051743 4
-1 3 0.0041122169883 0.0159663707139 -0.182950347675 0.0169483018237 0.0114572401131 4
-1 4 0.00113834711998 0.0170411844281 0.139712583246 -0.0320144248676 -0.0224129232834 4
1 5 -0.0149719336421 0.0108830786298 0.118010758228 -0.0135959177244 -0.0105221480088 4
-1 1 0.00476245232756 0.00947985291865 -0.321108161459 0.00570762350566 0.00684935027552 4
1 2 -0.00515300078017 0.0197645886052 0.228211189913 0.0028432189105 0.0060151858791 4
1 3 -0.00112818930438 0.0133374273158 -0.240841177544 0.0127427971504 0.0111240229786 4
1 4 0.00754110283844 0.0162194937093 0.244672470162 0.00226833222643 0.0020098668022 4
0 1 0.010951150486 0.0153718946142 -0.557580219645 0.00631558515607 0.0038340426622 4
-1 2 0.00330185564287 0.0100219995111 0.098805706071 0.00959038414403 0.00559724882683 4
1 3 -0.00588341351857 0.0125769585601 0.487103863878 -0.0083572209151 -0.00327734945616 4
1 4 0.0723340199651 0.0162631578947 0.480281653813 0.00515145817363 0.000749619932179 4
1 5 0.000431159643457 0.0140387069704 -0.947117316191 -0.0178576686394 -0.0104674079415 4
-1 1 0.0260692953063 0.0389425094419 0.417052136745 -0.000284704496368 0.00108417110191 4
-1 2 0.0161710522988 0.0108560689956 -0.984380705773 0.00710118580543 0.00540112828484 4
1 3 -0.0028239750408 0.0160652619989 0.261175085538 0.00267829366931 0.003391810756 4
1 4 0.000633724270795 0.0141896435777 -0.871110601193 0.00312299361591 0.00083598060525 5
1 5 0.00121527191709 0.0075563783238 -0.274306266265 -0.000860835616771 -0.000528899658319 5
-1 1 0.00518848123583 0.018302828619 0.332858647731 0.00342189335099 0.00153425622079 5
-1 2 0.0042718251812 0.0165450604722 0.23359721319 -0.0140415020731 -0.0100868971363 5
-1 3 -0.0072668788629 0.0160056254081 -0.324183601754 -0.0032180584954 0.00438840226652 5
-1 4 -0.00964088961436 0.0134755471812 -0.228258094323 -0.00399111440207 -0.00304785003488 5
1 5 -0.00526459729249 0.0100980810235 0.210222580707 0.0050026155059 0.0021845040144 5
1 1 0.00867561339298 0.0105447562578 -0.367662122764 0.0173726911623 0.011473395098 5
0 2 0.00458777492916 0.00645877485115 -0.334747322477 -0.00331463353809 -0.000909881854804 5
-1 3 0.000455196830481 0.00947438901908 0.0400639407707 -0.00720377112785 -0.00564033192918 5
1 4 -0.00234892523996 0.0143479718404 0.279155800837 -0.00770158922072 -0.00897097332003 5
1 5 0.00220884549884 0.0203002359714 0.164377730253 0.00520707281835 0.00375453836999 5
0 1 0.0135557699345 0.0164655129831 0.130599908357 0.00853650555891 0.00453133597736 5
1 2 0.00560692016341 0.00935026385224 -0.353094074162 -0.00705901305625 -0.00750489504558 5
1 3 0.000760242616557 0.00764793143234 -0.192911089934 0.00838670326319 0.00759669996267 5
1 4 0.00307281669372 0.00942854800361 0.0194281729428 0.00548823639856 0.00336683018082 5
1 5 0.00614878252469 0.013436793389 0.135436261033 0.00751825811492 0.00490620418913 5
-1 2 0.0162141263461 0.0163455085802 0.334387415225 0.0120979828042 0.00667955981642 5
1 3 0.00681583641993 0.00960576663544 -0.105820434536 -0.00283781608869 -0.00142907210166 5
-1 4 0.0104494035132 0.0142886303327 0.162009594288 0.0053837733495 0.00506959379806 5
-1 5 0.00609765692615 0.0237049226136 0.332517524176 -0.00125629917362 0.000754852359036 5
1 1 -0.00662912538313 0.0194225225651 -0.527059911607 -0.00127914660625 0.000622758278928 6
1 2 0.00267772511848 0.016422957698 -0.261835295918 -0.000736877904999 -0.00066248762136 6
1 3 0.0126807355762 0.0181820988131 0.127496557192 0.0041301709458 0.00255592119292 6
-1 4 0.00872791929187 0.0104100897793 -0.104265359164 0.0103788670532 0.00767748249789 6
-1 5 0.00148208758211 0.0104259435556 0.131831202292 0.00582450131902 0.00504988418274 6
1 1 -5.94994635193 0.0226885385599 -0.160042431877 0.0034223197978 0.00172677025356 6
-1 2 0.0136522383321 0.0155707522357 -0.201315768514 0.00040571692024 -0.000553994123602 6
-1 3 -0.00526623756583 0.0136133389616 -0.37424749896 -0.00140122301145 -0.00358573526494 6
-1 4 -0.00890892502549 0.0235869103272 0.165628595956 -0.00798114309515 -0.00695510374766 6
1 5 -0.015533028123 0.0168758113371 -0.00410820724438 0.00302042615383 0.00307407887214 6
-1 1 0.00125197321866 0.0140161725067 -0.533280841371 0.00241836569392 0.00111063490079 6
1 2 0.00368783556592 0.00970873786408 -0.196292807643 0.00371896348591 0.00318406010823 6
-1 3 0.000325291406885 0.0101852855131 0.113027391538 0.00587002961374 0.00704791639381 6
-1 4 -0.00162910670649 0.0104008667389 0.0566876829543 -0.000805169601751 0.00137763632228 6
0 5 -0.00760560297658 0.0178282009724 0.647882019465 0.00199402935871 0.00183683421359 6
-1 1 -0.00334888827889 0.011132940406 -1.30919577059 0.000146497340158 0.000132453382168 6
0 2 -0.00618681986411 0.0168955744495 -0.119325750589 -0.0042134540899 -0.00451168124844 6
1 3 -0.00254748850861 0.0115766262404 -0.058775665193 0.00671497981625 0.00317587392996 6
1 4 0.0038616428532 0.0137287204833 -0.129945753777 -0.000162135623023 -0.000992814600532 6
1 5 0.00836980306346 0.0133695652174 0.490402786237 0.00429292871874 0.00271610860597 6
1 1 0.0120520996595 0.0174970660408 -0.291193611486 0.00232522265425 0.000802387414117 6
0 2 0.010746364414 0.00999255873286 -0.297360228135 0.0113195698249 0.00695516082262 7
1 3 0.00165465705898 0.0103125664469 -0.342806955911 -0.00020638306941 -0.000559600821256 7
1 4 0.00186467767714 0.00956429330499 -0.243458356267 0.00628632189981 0.00523177973369 7
-1 1 0.012676871285 0.0196895509949 0.594605794432 -0.00772768014593 -0.00610981459873 7
0 2 0.00788017952197 0.0297520661157 0.134218515225 -0.0136788220774 -0.00820186181831 7
-1 3 -0.00413981030236 0.0124022928609 -0.790042814799 0.0062389257371 0.0045451283744 7
1 4 -0.0107521186441 0.0212454212454 0.0818928589427 -0.00519312133206 -0.00471169637892 7
1 5 0.00933990974919 0.0107414746063 -0.166617672997 0.00436871106038 0.00111335906046 7
-1 1 0.0089958920493 0.0127980183713 0.205372576501 0.00561433377924 0.00470200112198 7
-1 2 -0.000988965230065 0.0187919463087 0.0586636586122 -0.00544109555542 -0.0029430864307 7
-1 3 -0.0019295958279 0.0243048403708 0.149977570932 0.00216449727404 0.0032649922137 7
1 4 -0.0192961939188 0.0284424853065 0.0662501308946 -0.0143281119298 -0.0119157818007 7
-1 5 -0.000372241425153 0.0181549503905 -0.146235096423 0.0155003779204 0.0107528681328 7
1 1 0.00465780977081 0.0134736842105 -0.27915248599 -0.00168372997039 -0.0024442072193 7
1 2 0.00248152059134 0.00811465907893 0.292008623657 0.00702869376708 0.00530353600854 7
-1 3 0.0166658013603 0.0276869636289 0.405960093846 0.00395198605181 0.00179909188695 7
1 4 0.00752305869016 0.00924784217016 -1.03192722342 -0.000355536871857 0.000497596220172 7
1 5 0.00231338679827 0.0122649223222 -0.0519910740988 -0.00506791682773 -0.00544741349499 7
-1 1 0.0117862223125 0.0170294236195 0.214197910264 -0.00104614041679 -0.000580041684514 7
-1 2 0.0044003844014 0.0119670152856 -0.282201052314 -0.00049744524726 -0.00378019980438 7
-1 3 -0.00569713617173 0.0104356636272 -0.30696758558 0.00452620493401 0.000680731272449 7
1 4 -0.0198692674829 0.0217547460236 0.419277659518 -0.0213123345165 -0.0205641030415 7
-1 5 -0.00905616918809 0.0187331815359 -0.171754859723 -0.00393554256727 -0.00318489964371 8
-1 1 0.00484475932486 0.0145992959205 -0.21404975224 0.00712837229036 0.00756980079215 8
-1 2 -0.00776984460311 0.0137959866221 0.285609568591 -0.00713327390853 -0.00889398719616 8
-1 3 -0.00405882663012 0.00806451612903 -0.450619845428 0.000507456860426 -5.21668690184e-05 8
1 4 -0.00158386568819 0.019280875456 0.174541328595 -0.00463209664657 -0.0050963624546 8
1 5 -0.00216931216931 0.0162412993039 -0.115753015646 0.00822027500057 0.0107544665925 8
0 1 0.0118163756143 0.0129059117402 -0.144321443214 0.00691381923191 0.00443169600426 8
1 2 0.00390604656007 0.0131090008258 -0.0825565912117 -0.00275217861821 -0.00248874667479 8
1 3 0.00713583949532 0.0123406005759 -0.0588732923925 0.0101214894466 0.00685533801123 8
1 4 0.00739105887184 0.00789177001127 -0.135154360506 0.00423759263418 0.00419332574394 8
1 5 0.00536042474985 0.0135451675323 0.425629711344 0.00267193438643 2.65637859287e-05 8
1 1 0.0089552238806 0.0139881251887 -0.0289876397881 0.00962223094685 0.0089859481482 8
0 2 0.0114534360308 0.0135081446166 0.314514618366 0.00424074159969 0.0046028367882 8
0 3 0.00532311825282 0.0112770798299 -0.316894058711 -0.000227549884237 0.00201221498178 8
1 4 0.000695998011434 0.00822270655835 -0.574138240038 0.00124004324706 0.00251179657483 8
1 5 0.00228163285551 0.0126145658815 0.242304906754 0.00142115874013 -0.00140822593928 8
-1 1 0.00845915506812 0.00871097190956 -0.0971939408989 0.00412520434024 0.00464753037015 8
1 2 -0.0050417675844 0.00630541871921 -0.214708011583 0.00290768907637 0.00190482571576 8
1 3 0.00413487570761 0.0182314516915 0.36695373217 -0.000223213308765 -5.00177421426e-05 8
1 4 0.00338500784929 0.0118700136213 0.235042360502 -0.00261535423569 -0.00198245435698 8
1 5 0.00740163615115 0.00680272108844 -0.535149680457 0.00492765710318 0.00392204326775 8
-1 2 0.00484590036829 0.00983227299017 0.167444552311 0.00389718563174 0.000498954314143 9
-1 3 -0.0213819045734 0.0447674418605 0.572926383939 -0.00560517521913 -0.00147314075495 9
1 4 -0.0257399604001 0.0229793186132 -0.463181595464 -0.00225106251466 -0.0020406254517 9
-1 5 0.0040451028973 0.0108662843344 -0.466342781874 0.00449715245805 0.00471737143588 9
-1 1 -0.000556511180815 0.012687544054 -0.261025914269 0.00204473149562 -0.00227877161205 9
1 2 -0.00299386004973 0.0673263484672 0.755819839523 -0.00878678643057 -0.00695790146959 9
1 3 0.00974825385659 0.0331322322223 -0.882096290656 0.00746317469454 0.00361765217589 9
1 4 0.014021006738 0.0179416403785 -0.617715879403 0.00115205115194 0.00144930683478 9
0 5 0.00507714299798 0.0108621195812 0.0272056838942 -0.00530037656537 -0.00670629325098 9
-1 1 0.00767951477206 0.0156234837458 -0.0453450539414 -0.0107769589944 -0.00297965767542 9
1 2 -0.018837835144 0.023405095793 0.0835713463691 0.00743724685685 0.0070922254348 9
1 3 0.0107961547942 0.0118860510806 -0.0981773120071 0.00206698975711 0.00150987300999 9
-1 4 0.00427056744551 0.00771861260381 -0.63344450581 0.00680101797567 0.00438928936234 9
0 5 -0.00231242312423 0.0180752320469 0.473933181387 -0.00297830249859 -0.00160839740847 9
1 1 -0.00192250813369 0.0152731544938 -0.343143569421 -0.0115069715462 -0.0100678919878 9
-1 2 0.00186971068687 0.0233145521663 0.167404285656 -0.0042140843571 -0.00629257077166 9
-1 3 0.00328576332696 0.0160427807487 -0.0536862782898 0.0102146548356 0.00766083742075 9
1 4 -0.0278757939308 0.0296892066329 0.398835071734 -0.0198063468965 -0.0159774417935 9
-1 5 0.00451625853071 0.0233250620347 -0.604797139673 0.0100704979179 0.00853934779205 9
1 1 -0.00261622056752 0.0180207088809 -0.253267773574 -0.00140705971126 -0.00209480755455 9
-1 2 0.0138916451677 0.00994681898759 0.0994823040636 -0.00277296206205 -0.00392814032059 9
1 3 -0.00896030435 0.0197636309465 -0.0732706301841 -0.0161235976654 -0.0138656237821 10
-1 4 -0.00301250188281 0.0217521452804 -0.0781757116115 0.00183061712789 0.00116680308637 10
0 5 -0.000552597206872 0.0116754814889 -0.0986482507315 0.0101483146469 0.0103820660152 10
-1 1 0.00255549431277 0.0122205663189 -0.173230556635 -0.00467361048756 -0.00244325682409 10
1 2 -0.00701382581492 0.013883339992 0.119802728167 -0.0158715680015 -0.0154331785822 10
1 3 0.00691521346963 0.0276926120067 0.266711610722 0.018661367456 0.0157958523193 10
-1 4 0.0148104265403 0.0172885329166 0.258111959057 -0.0206128350014 -0.0218770540008 10
-1 5 -0.00565981531129 0.0169557973145 -0.166510381176 -0.0238761154659 -0.0129783010816 10
-1 1 -0.0013920652282 0.0193554725879 -0.237913234323 -0.0148516966248 -0.0164680272053 10
-1 2 -0.0100431856985 0.0193991245523 0.158665758079 0.00319599164453 0.0028217497487 10
-1 3 -0.0185668252263 0.0400403429148 0.369004969604 -0.00281117447786 -0.00459129473798 10
1 4 -0.019289922319 0.0236389684814 -0.398853848339 0.00049082489407 0.00331608818447 10
1 5 0.0172157606189 0.0221212121212 -0.0582988778185 0.0096396802585 0.0109339400877 10
1 1 0.0146910339257 0.0174069627851 0.120458271895 0.0133524247753 0.0094064578367 10
1 2 0.0360601489124 0.0169869928169 0.180785192747 0.0233986803877 0.0192374913589 10
1 3 0.00165184861293 0.0145038901162 -0.386164706847 -0.00835757555016 -0.00864144337562 10
1 4 0.0147431908477 0.0135173726797 0.0395583801268 0.0157070061692 0.0124508910965 10
-1 5 0.00708174904943 0.00910038866243 -0.510495410582 0.00689828981292 0.00609662674908 10
1 1 -0.00209563726424 0.00739476678043 -0.376340028724 0.000492651468035 -0.00174153778222 10
1 2 0.0102762326765 0.0130222971707 0.286863343478 0.0171680589971 0.0131230585972 10
-1 3 0.00864526379737 0.00940672441092 0.0901155673314 -0.00331045033995 -0.0020967181262 10
1 4 -0.00023371038609 0.0135072193759 -0.295982270236 0.00370334680934 0.00573564066554 10
