-1 3 -0.00212846826302 0.0179460111597 -0.313645148821 0.0019689182174 0.00257783830481 4
-1 4 -0.0281359906213 0.0508396946565 0.629608418641 -0.00913694563612 -0.0029867846435 4
-1 5 -0.0298615582743 0.0289256198347 -0.134381445811 -0.0266514524933 -0.0143151084638 4
1 1 -0.0211227089669 0.0256535947712 0.0181786289487 -0.0117605245419 -0.0122384628821 4
1 2 0.00555782590928 0.0343775100402 0.0654098360656 0.00808171184467 0.00486841051743 4
-1 3 0.0247887772995 0.0334432406971 -0.0439680119488 0.0169483018237 0.0114572401131 4
-1 4 -0.00738718484021 0.0343577620173 -0.137895016376 -0.0320144248676 -0.0224129232834 4
1 5 -0.0259494192273 0.028016194332 0.0475829160133 -0.0135959177244 -0.0105221480088 4
1 1 0.00962715183161 0.0180019461563 -0.833858998145 0.00570762350566 0.00684935027552 4
1 2 0.00841355877356 0.0287365548242 0.101317178903 0.0028432189105 0.0060151858791 4
1 3 0.0135663554385 0.0140956604371 -0.0676437429538 0.0127427971504 0.0111240229786 4
1 4 0.0133070866142 0.0264673828429 0.100165518714 0.00226833222643 0.0020098668022 4
1 1 0.0101325019486 0.0139621470679 -0.803206084822 0.00631558515607 0.0038340426622 4
-1 2 0.00186712307453 0.0151374729688 0.461127396301 0.00959038414403 0.00559724882683 4
-1 3 0.000621987249261 0.0123877361412 -0.346125641652 -0.0083572209151 -0.00327734945616 4
-1 4 -0.00398095386777 0.0318461538462 0.277062506311 0.00515145817363 0.000749619932179 4
-1 5 -0.028748092829 0.0233222275107 0.0763203917454 -0.0178576686394 -0.0104674079415 4
1 1 -0.0187336387435 0.0410165674763 0.0199506375977 -0.000284704496368 0.00108417110191 4
1 2 -0.00625617385578 0.0167405219104 -0.239041794088 0.00710118580543 0.00540112828484 4
1 3 0.00881201044386 0.018932038835 0.0511807850407 0.00267829366931 0.003391810756 4
-1 4 0.0138397167686 0.0283676703645 -0.310921706054 0.00312299361591 0.00083598060525 5
-1 5 0.00112522102556 0.0228680323964 -0.20039741259 -0.000860835616771 -0.000528899658319 5
-1 1 -0.014514024788 0.0177476605357 -0.142546613854 0.00342189335099 0.00153425622079 5
-1 2 -0.0169997512232 0.0327628361858 0.470970050087 -0.0140415020731 -0.0100868971363 5
1 3 -0.0203062864879 0.0423927613941 0.445808726686 -0.0032180584954 0.00438840226652 5
1 4 -0.00655765627661 0.0447120937139 -0.846087479411 -0.00399111440207 -0.00304785003488 5
1 5 0.0110334372105 0.0241570206341 -0.0601751760075 0.0050026155059 0.0021845040144 5
1 1 0.0144434298996 0.0214578214578 -0.259882665177 0.0173726911623 0.011473395098 5
1 2 0.00945568163131 0.0136132524192 0.0254560304928 -0.00331463353809 -0.000909881854804 5
-1 3 -0.00653811139618 0.0228198859006 -0.1763952278 -0.00720377112785 -0.00564033192918 5
1 4 0.000661649160532 0.0228055783429 0.561727961819 -0.00770158922072 -0.00897097332003 5
1 5 0.0112846512389 0.0285297455017 -0.560911481157 0.00520707281835 0.00375453836999 5
-1 1 0.00955697740342 0.0251432208784 -0.295854628052 0.00853650555891 0.00453133597736 5
1 2 0.00290721149964 0.0164931945556 -0.510534498472 -0.00705901305625 -0.00750489504558 5
1 3 0.00297906602254 0.0180338333865 -0.3190722014 0.00838670326319 0.00759669996267 5
1 4 0.00988520408163 0.0244248345414 0.2207527415 0.00548823639856 0.00336683018082 5
1 5 0.0171589751626 0.0254342431762 0.20474166265 0.00751825811492 0.00490620418913 5
-1 2 0.0173993379013 0.0134371659795 -0.0610527294708 0.0120979828042 0.00667955981642 5
1 3 0.00291701850004 0.0105375687233 0.0217430858806 -0.00283781608869 -0.00142907210166 5
-1 4 0.00084368768216 0.0135217259192 -0.0666666666667 0.0053837733495 0.00506959379806 5
1 5 -0.000690766751094 0.024030418251 0.156813811725 -0.00125629917362 0.000754852359036 5
-1 1 -0.00859266140269 0.0209102091021 -0.712054353155 -0.00127914660625 0.000622758278928 6
1 2 -0.00701590271282 0.0150480918399 0.525712577237 -0.000736877904999 -0.00066248762136 6
1 3 -7.79605519609e-05 0.0171481538699 -0.125056062192 0.0041301709458 0.00255592119292 6
1 4 0.0115589119211 0.0257543431881 -0.310348205103 0.0103788670532 0.00767748249789 6
0 5 0.0235515425132 0.0242127153892 0.436484062371 0.00582450131902 0.00504988418274 6
0 1 0.0054628451695 0.0117245473434 -1.70450813554 0.0034223197978 0.00172677025356 6
1 2 0.000149644594089 0.0108647120107 0.140492686682 0.00040571692024 -0.000553994123602 6
-1 3 0.00528431080679 0.0124444444444 0.0305367249207 -0.00140122301145 -0.00358573526494 6
1 4 -0.00426040810225 0.0174918470205 0.171228287202 -0.00798114309515 -0.00695510374766 6
1 5 -0.00202216896345 0.0104555638536 0.349199959746 0.00302042615383 0.00307407887214 6
-1 1 0.00669543222735 0.0187343265968 0.31788852279 0.00241836569392 0.00111063490079 6
1 2 0.00355819125278 0.0167647058824 0.343201935649 0.00371896348591 0.00318406010823 6
-1 3 0.0816882232811 0.0346766635426 0.415111587719 0.00587002961374 0.00704791639381 6
-1 4 -0.00533807829181 0.0180780209324 -1.57776317578 -0.000805169601751 0.00137763632228 6
1 5 -0.00322691383453 0.0082023239918 -0.130336790882 0.00199402935871 0.00183683421359 6
-1 1 -0.000137334340452 0.0118917441225 -0.658525189024 0.000146497340158 0.000132453382168 6
0 2 -0.00206426752907 0.0150109170306 0.201587193923 -0.0042134540899 -0.00451168124844 6
1 3 -0.00428443093083 0.0087960417812 -0.328916531458 0.00671497981625 0.00317587392996 6
-1 4 0.00399201596806 0.00987654320988 -0.069146629403 -0.000162135623023 -0.000992814600532 6
1 5 -0.0046328308671 0.0138793458843 0.716314674322 0.00429292871874 0.00271610860597 6
1 1 0.00117411423441 0.0107231234534 -1.63973586403 0.00232522265425 0.000802387414117 6
-1 2 0.00213645761544 0.0295985944046 0.41266107155 0.0113195698249 0.00695516082262 7
1 3 0.00213190289526 0.00873839432004 -0.759218522799 -0.00020638306941 -0.000559600821256 7
-1 4 0.00757575757576 0.0139736806403 -0.921137454337 0.00628632189981 0.00523177973369 7
-1 1 -0.00528301886792 0.0114410242441 0.21048464627 -0.00772768014593 -0.00610981459873 7
1 2 -0.0140541292702 0.0274461369562 0.365973467193 -0.0136788220774 -0.00820186181831 7
1 3 -0.00735912531539 0.0119494233708 -0.594169762789 0.0062389257371 0.0045451283744 7
1 4 -0.00365785030951 0.0245560488346 0.0559572631125 -0.00519312133206 -0.00471169637892 7
1 5 0.0127092159178 0.0191882937604 0.0400911633689 0.00436871106038 0.00111335906046 7
-1 1 0.00990167090697 0.01092001092 -0.0365637583893 0.00561433377924 0.00470200112198 7
1 2 -0.00234337307878 0.0169607440843 0.323391579177 -0.00544109555542 -0.0029430864307 7
-1 3 -0.00110398123232 0.00933168656512 -0.819846621711 0.00216449727404 0.0032649922137 7
1 4 -0.00996515679443 0.0160066234304 0.255756740799 -0.0143281119298 -0.0119157818007 7
-1 5 0.00657667012807 0.016946817305 0.28859953096 0.0155003779204 0.0107528681328 7
1 1 6.92233144122e-05 0.0130763936683 -0.498819579246 -0.00168372997039 -0.0024442072193 7
-1 2 -0.000484798116213 0.0126321570781 -0.0771969482905 0.00702869376708 0.00530353600854 7
1 3 -6.92616705914e-05 0.0147484493453 0.0556622905326 0.00395198605181 0.00179909188695 7
-1 4 0.00496209510682 0.00960219478738 0.223810115571 -0.000355536871857 0.000497596220172 7
1 5 0.00041333700744 0.0125768967874 -0.209044924125 -0.00506791682773 -0.00544741349499 7
-1 1 -0.000482459163278 0.0161599561764 -0.159658496922 -0.00104614041679 -0.000580041684514 7
-1 2 -0.000827757467062 0.0137883959044 0.101403893325 -0.00049744524726 -0.00378019980438 7
-1 3 -0.00401689867719 0.0169188445667 0.281713900135 0.00452620493401 0.000680731272449 7
-1 4 -0.0272481502561 0.0353648308639 0.302059077471 -0.0213123345165 -0.0205641030415 7
-1 5 -0.018919898514 0.0148094895758 -0.812280701754 -0.00393554256727 -0.00318489964371 8
1 1 -0.00167005518443 0.01285384171 0.305633292727 0.00712837229036 0.00756980079215 8
-1 2 -0.00327821082538 0.0181164629763 0.121329591807 -0.00713327390853 -0.00889398719616 8
-1 3 -0.00226343457944 0.0123063558709 -0.407623080995 0.000507456860426 -5.21668690184e-05 8
1 4 -0.00322297099326 0.019018583043 -0.0711886586696 -0.00463209664657 -0.0050963624546 8
1 5 -0.000366380889573 0.0131118881119 -0.457220950928 0.00822027500057 0.0107544665925 8
-1 1 0.00727431439587 0.0130095403296 0.283900040967 0.00691381923191 0.00443169600426 8
1 2 -0.000509461426492 0.0114509349181 -0.144695706544 -0.00275217861821 -0.00248874667479 8
1 3 0.0108703477071 0.0230098613692 -0.0198745881603 0.0101214894466 0.00685533801123 8
0 4 0.00736029727026 0.00685029256458 -0.427011450671 0.00423759263418 0.00419332574394 8
1 5 0.00716566158212 0.0187561697927 0.694150663327 0.00267193438643 2.65637859287e-05 8
1 1 0.00388692579505 0.00998593530239 -1.5253909682 0.00962223094685 0.0089859481482 8
-1 2 0.0114573145173 0.0141509433962 0.145409950946 0.00424074159969 0.0046028367882 8
1 3 -0.00238095238095 0.0173611111111 0.411598386004 -0.000227549884237 0.00201221498178 8
1 4 0.0 0.0148817802503 -0.799406433833 0.00124004324706 0.00251179657483 8
-1 5 0.00785103869937 0.0102365472403 -0.306807950689 0.00142115874013 -0.00140822593928 8
-1 1 0.00228753639262 0.012953010886 0.155119953189 0.00412520434024 0.00464753037015 8
0 2 -0.00655874965113 0.0103806228374 0.0753165241857 0.00290768907637 0.00190482571576 8
-1 3 -0.00167738328208 0.00998751560549 -0.0836069418386 -0.000223213308765 -5.00177421426e-05 8
1 4 -0.00336605890603 0.0119910764083 -0.604666478502 -0.00261535423569 -0.00198245435698 8
1 5 0.00744762302499 0.00970873786408 0.359505875264 0.00492765710318 0.00392204326775 8
1 2 0.00339900110988 0.0103320016531 0.232210604238 0.00389718563174 0.000498954314143 9
0 3 0.00565595254518 0.0111263736264 -0.0963782083798 -0.00560517521913 -0.00147314075495 9
1 4 0.000758150113722 0.0128415300546 0.00232793522267 -0.00225106251466 -0.0020406254517 9
1 5 0.00439168324985 0.0098454806509 -0.138117728372 0.00449715245805 0.00471737143588 9
-1 1 0.00362368385068 0.0100611828688 -0.26406989443 0.00204473149562 -0.00227877161205 9
-1 2 -0.00178082191781 0.016852405545 0.166717223806 -0.00878678643057 -0.00695790146959 9
1 3 -0.00982155208189 0.0125085910653 0.255342218206 0.00746317469454 0.00361765217589 9
-1 4 -0.000899965385947 0.0108860410638 -0.295353464419 0.00115205115194 0.00144930683478 9
-1 5 -0.00746268656716 0.0233135604911 0.456765005086 -0.00530037656537 -0.00670629325098 9
1 1 -0.0176011355571 0.0224069898534 0.186700106006 -0.0107769589944 -0.00297965767542 9
-1 2 -0.00113684808867 0.0249436302142 0.351622745256 0.00743724685685 0.0070922254348 9
1 3 -0.0399763540974 0.0279345780866 0.369649065337 0.00206698975711 0.00150987300999 9
-1 4 -0.0010355795547 0.015407190022 -0.82904578751 0.00680101797567 0.00438928936234 9
1 5 -0.000962535169554 0.0271260997067 0.238011782032 -0.00297830249859 -0.00160839740847 9
1 1 -0.00866318147872 0.0212734305266 -0.64717869099 -0.0115069715462 -0.0100678919878 9
1 2 0.00741289844329 0.017922726605 0.0661289957183 -0.0042140843571 -0.00629257077166 9
-1 3 0.0138888888889 0.0238267148014 -0.13771328419 0.0102146548356 0.00766083742075 9
1 4 -0.00175746924429 0.021587945523 -0.0709100444395 -0.0198063468965 -0.0159774417935 9
1 5 -0.00522635259477 0.0146156094709 -0.584404793143 0.0100704979179 0.00853934779205 9
0 1 0.00774231246804 0.027917685998 0.323411054563 -0.00140705971126 -0.00209480755455 9
-1 2 0.0127631958466 0.0139568345324 -0.170545857578 -0.00277296206205 -0.00392814032059 9
-1 3 -0.0147069583669 0.0234341096485 0.379176880403 -0.0161235976654 -0.0138656237821 10
1 4 -0.0131959374305 0.0264900662252 -0.181284767203 0.00183061712789 0.00116680308637 10
-1 5 0.00808883006103 0.0157273918742 -0.370023663697 0.0101483146469 0.0103820660152 10
-1 1 0.00176172649196 0.0196220930233 -0.81185372005 -0.00467361048756 -0.00244325682409 10
1 2 -0.0215206958608 0.0251367736212 0.520585212502 -0.0158715680015 -0.0154331785822 10
-1 3 0.00470184342115 0.0393596710236 0.0713824561404 0.018661367456 0.0157958523193 10
-1 4 -0.00374559892127 0.0364920541495 -0.0549928926795 -0.0206128350014 -0.0218770540008 10
-1 5 -0.0375408052231 0.0349191826776 0.272382512013 -0.0238761154659 -0.0129783010816 10
-1 1 -0.0318389606223 0.028729281768 0.0375769892785 -0.0148516966248 -0.0164680272053 10
1 2 -0.0133279154815 0.0258426966292 -0.150996538966 0.00319599164453 0.0028217497487 10
1 3 -0.01026272578 0.0660814046289 0.497276087165 -0.00281117447786 -0.00459129473798 10
1 4 0.0144036251821 0.0470809792844 -0.255060240964 0.00049082489407 0.00331608818447 10
1 5 0.0343803719331 0.025641025641 -0.0151663405088 0.0096396802585 0.0109339400877 10
1 1 0.00736833940898 0.0159122508883 -0.533167690216 0.0133524247753 0.0094064578367 10
-1 2 0.0178258551078 0.0307992788462 -0.32375574035 0.0233986803877 0.0192374913589 10
1 3 0.000609059763989 0.0225597834261 -0.363686370753 -0.00835757555016 -0.00864144337562 10
1 4 0.00144442755055 0.0185240963855 -0.324868258773 0.0157070061692 0.0124508910965 10
0 5 0.0129811660539 0.0235539654144 -0.281833860305 0.00689828981292 0.00609662674908 10
1 1 0.00448196011055 0.0152955152955 0.0665414542528 0.000492651468035 -0.00174153778222 10
-1 2 0.0143572375202 0.0191212961611 0.23591819999 0.0171680589971 0.0131230585972 10
1 3 0.00235052152196 0.0187472751054 0.0502823208723 -0.00331045033995 -0.0020967181262 10
1 4 -0.00250368188512 0.0201136860516 -0.0862944162437 0.00370334680934 0.00573564066554 10
